# cubename  cra   cdec    min_ra    max_ra   min_dec   max_dec
 CAR_A01     10    -80      0.00     21.08    -89.92    -68.92
 CAR_A02     30    -80     19.00     41.08    -89.92    -68.92
 CAR_A03     50    -80     39.00     61.08    -89.92    -68.92
 CAR_A04     70    -80     59.00     81.08    -89.92    -68.92
 CAR_A05     90    -80     79.00    101.08    -89.92    -68.92
 CAR_A06    110    -80     99.00    121.08    -89.92    -68.92
 CAR_A07    130    -80    119.00    141.08    -89.92    -68.92
 CAR_A08    150    -80    139.00    161.08    -89.92    -68.92
 CAR_A09    170    -80    159.00    181.08    -89.92    -68.92
 CAR_A10    190    -80    179.00    201.08    -89.92    -68.92
 CAR_A11    210    -80    199.00    221.08    -89.92    -68.92
 CAR_A12    230    -80    219.00    241.08    -89.92    -68.92
 CAR_A13    250    -80    239.00    261.08    -89.92    -68.92
 CAR_A14    270    -80    259.00    281.08    -89.92    -68.92
 CAR_A15    290    -80    279.00    301.08    -89.92    -68.92
 CAR_A16    310    -80    299.00    321.08    -89.92    -68.92
 CAR_A17    330    -80    319.00    341.08    -89.92    -68.92
 CAR_A18    350    -80    339.00    360.00    -89.92    -68.92
 CAR_B01     10    -60      0.00     21.08    -71.00    -48.92
 CAR_B02     30    -60     19.00     41.08    -71.00    -48.92
 CAR_B03     50    -60     39.00     61.08    -71.00    -48.92
 CAR_B04     70    -60     59.00     81.08    -71.00    -48.92
 CAR_B05     90    -60     79.00    101.08    -71.00    -48.92
 CAR_B06    110    -60     99.00    121.08    -71.00    -48.92
 CAR_B07    130    -60    119.00    141.08    -71.00    -48.92
 CAR_B08    150    -60    139.00    161.08    -71.00    -48.92
 CAR_B09    170    -60    159.00    181.08    -71.00    -48.92
 CAR_B10    190    -60    179.00    201.08    -71.00    -48.92
 CAR_B11    210    -60    199.00    221.08    -71.00    -48.92
 CAR_B12    230    -60    219.00    241.08    -71.00    -48.92
 CAR_B13    250    -60    239.00    261.08    -71.00    -48.92
 CAR_B14    270    -60    259.00    281.08    -71.00    -48.92
 CAR_B15    290    -60    279.00    301.08    -71.00    -48.92
 CAR_B16    310    -60    299.00    321.08    -71.00    -48.92
 CAR_B17    330    -60    319.00    341.08    -71.00    -48.92
 CAR_B18    350    -60    339.00    360.00    -71.00    -48.92
 CAR_C01     10    -40      0.00     21.08    -51.00    -28.92
 CAR_C02     30    -40     19.00     41.08    -51.00    -28.92
 CAR_C03     50    -40     39.00     61.08    -51.00    -28.92
 CAR_C04     70    -40     59.00     81.08    -51.00    -28.92
 CAR_C05     90    -40     79.00    101.08    -51.00    -28.92
 CAR_C06    110    -40     99.00    121.08    -51.00    -28.92
 CAR_C07    130    -40    119.00    141.08    -51.00    -28.92
 CAR_C08    150    -40    139.00    161.08    -51.00    -28.92
 CAR_C09    170    -40    159.00    181.08    -51.00    -28.92
 CAR_C10    190    -40    179.00    201.08    -51.00    -28.92
 CAR_C11    210    -40    199.00    221.08    -51.00    -28.92
 CAR_C12    230    -40    219.00    241.08    -51.00    -28.92
 CAR_C13    250    -40    239.00    261.08    -51.00    -28.92
 CAR_C14    270    -40    259.00    281.08    -51.00    -28.92
 CAR_C15    290    -40    279.00    301.08    -51.00    -28.92
 CAR_C16    310    -40    299.00    321.08    -51.00    -28.92
 CAR_C17    330    -40    319.00    341.08    -51.00    -28.92
 CAR_C18    350    -40    339.00    360.00    -51.00    -28.92
 CAR_D01     10    -20      0.00     21.08    -31.00     -8.92
 CAR_D02     30    -20     19.00     41.08    -31.00     -8.92
 CAR_D03     50    -20     39.00     61.08    -31.00     -8.92
 CAR_D04     70    -20     59.00     81.08    -31.00     -8.92
 CAR_D05     90    -20     79.00    101.08    -31.00     -8.92
 CAR_D06    110    -20     99.00    121.08    -31.00     -8.92
 CAR_D07    130    -20    119.00    141.08    -31.00     -8.92
 CAR_D08    150    -20    139.00    161.08    -31.00     -8.92
 CAR_D09    170    -20    159.00    181.08    -31.00     -8.92
 CAR_D10    190    -20    179.00    201.08    -31.00     -8.92
 CAR_D11    210    -20    199.00    221.08    -31.00     -8.92
 CAR_D12    230    -20    219.00    241.08    -31.00     -8.92
 CAR_D13    250    -20    239.00    261.08    -31.00     -8.92
 CAR_D14    270    -20    259.00    281.08    -31.00     -8.92
 CAR_D15    290    -20    279.00    301.08    -31.00     -8.92
 CAR_D16    310    -20    299.00    321.08    -31.00     -8.92
 CAR_D17    330    -20    319.00    341.08    -31.00     -8.92
 CAR_D18    350    -20    339.00    360.00    -31.00     -8.92
 CAR_E01     10      0      0.00     21.08    -11.00     11.08
 CAR_E02     30      0     19.00     41.08    -11.00     11.08
 CAR_E03     50      0     39.00     61.08    -11.00     11.08
 CAR_E04     70      0     59.00     81.08    -11.00     11.08
 CAR_E05     90      0     79.00    101.08    -11.00     11.08
 CAR_E06    110      0     99.00    121.08    -11.00     11.08
 CAR_E07    130      0    119.00    141.08    -11.00     11.08
 CAR_E08    150      0    139.00    161.08    -11.00     11.08
 CAR_E09    170      0    159.00    181.08    -11.00     11.08
 CAR_E10    190      0    179.00    201.08    -11.00     11.08
 CAR_E11    210      0    199.00    221.08    -11.00     11.08
 CAR_E12    230      0    219.00    241.08    -11.00     11.08
 CAR_E13    250      0    239.00    261.08    -11.00     11.08
 CAR_E14    270      0    259.00    281.08    -11.00     11.08
 CAR_E15    290      0    279.00    301.08    -11.00     11.08
 CAR_E16    310      0    299.00    321.08    -11.00     11.08
 CAR_E17    330      0    319.00    341.08    -11.00     11.08
 CAR_E18    350      0    339.00    360.00    -11.00     11.08
 CAR_F01     10     20      0.00     21.08      9.00     31.08 
 CAR_F02     30     20     19.00     41.08      9.00     31.08 
 CAR_F03     50     20     39.00     61.08      9.00     31.08 
 CAR_F04     70     20     59.00     81.08      9.00     31.08 
 CAR_F05     90     20     79.00    101.08      9.00     31.08 
 CAR_F06    110     20     99.00    121.08      9.00     31.08 
 CAR_F07    130     20    119.00    141.08      9.00     31.08 
 CAR_F08    150     20    139.00    161.08      9.00     31.08 
 CAR_F09    170     20    159.00    181.08      9.00     31.08 
 CAR_F10    190     20    179.00    201.08      9.00     31.08 
 CAR_F11    210     20    199.00    221.08      9.00     31.08 
 CAR_F12    230     20    219.00    241.08      9.00     31.08 
 CAR_F13    250     20    239.00    261.08      9.00     31.08 
 CAR_F14    270     20    259.00    281.08      9.00     31.08 
 CAR_F15    290     20    279.00    301.08      9.00     31.08 
 CAR_F16    310     20    299.00    321.08      9.00     31.08 
 CAR_F17    330     20    319.00    341.08      9.00     31.08 
 CAR_F18    350     20    339.00    360.00      9.00     31.08
 CAR_G01     10     40      0.00     21.08     29.00     51.08
 CAR_G02     30     40     19.00     41.08     29.00     51.08
 CAR_G03     50     40     39.00     61.08     29.00     51.08
 CAR_G04     70     40     59.00     81.08     29.00     51.08
 CAR_G05     90     40     79.00    101.08     29.00     51.08
 CAR_G06    110     40     99.00    121.08     29.00     51.08
 CAR_G07    130     40    119.00    141.08     29.00     51.08
 CAR_G08    150     40    139.00    161.08     29.00     51.08
 CAR_G09    170     40    159.00    181.08     29.00     51.08
 CAR_G10    190     40    179.00    201.08     29.00     51.08
 CAR_G11    210     40    199.00    221.08     29.00     51.08
 CAR_G12    230     40    219.00    241.08     29.00     51.08
 CAR_G13    250     40    239.00    261.08     29.00     51.08
 CAR_G14    270     40    259.00    281.08     29.00     51.08
 CAR_G15    290     40    279.00    301.08     29.00     51.08
 CAR_G16    310     40    299.00    321.08     29.00     51.08
 CAR_G17    330     40    319.00    341.08     29.00     51.08
 CAR_G18    350     40    339.00    360.00     29.00     51.08 
 CAR_H01     10     60      0.00     21.08     49.00     71.08
 CAR_H02     30     60     19.00     41.08     49.00     71.08
 CAR_H03     50     60     39.00     61.08     49.00     71.08
 CAR_H04     70     60     59.00     81.08     49.00     71.08
 CAR_H05     90     60     79.00    101.08     49.00     71.08
 CAR_H06    110     60     99.00    121.08     49.00     71.08
 CAR_H07    130     60    119.00    141.08     49.00     71.08
 CAR_H08    150     60    139.00    161.08     49.00     71.08
 CAR_H09    170     60    159.00    181.08     49.00     71.08
 CAR_H10    190     60    179.00    201.08     49.00     71.08
 CAR_H11    210     60    199.00    221.08     49.00     71.08
 CAR_H12    230     60    219.00    241.08     49.00     71.08
 CAR_H13    250     60    239.00    261.08     49.00     71.08
 CAR_H14    270     60    259.00    281.08     49.00     71.08
 CAR_H15    290     60    279.00    301.08     49.00     71.08
 CAR_H16    310     60    299.00    321.08     49.00     71.08
 CAR_H17    330     60    319.00    341.08     49.00     71.08
 CAR_H18    350     60    339.00    360.00     49.00     71.08
 CAR_I01     10     80      0.00     21.08     69.00     90.00 
 CAR_I02     30     80     19.00     41.08     69.00     90.00 
 CAR_I03     50     80     39.00     61.08     69.00     90.00 
 CAR_I04     70     80     59.00     81.08     69.00     90.00 
 CAR_I05     90     80     79.00    101.08     69.00     90.00 
 CAR_I06    110     80     99.00    121.08     69.00     90.00 
 CAR_I07    130     80    119.00    141.08     69.00     90.00 
 CAR_I08    150     80    139.00    161.08     69.00     90.00 
 CAR_I09    170     80    159.00    181.08     69.00     90.00 
 CAR_I10    190     80    179.00    201.08     69.00     90.00 
 CAR_I11    210     80    199.00    221.08     69.00     90.00 
 CAR_I12    230     80    219.00    241.08     69.00     90.00 
 CAR_I13    250     80    239.00    261.08     69.00     90.00 
 CAR_I14    270     80    259.00    281.08     69.00     90.00 
 CAR_I15    290     80    279.00    301.08     69.00     90.00 
 CAR_I16    310     80    299.00    321.08     69.00     90.00 
 CAR_I17    330     80    319.00    341.08     69.00     90.00 
 CAR_I18    350     80    339.00    360.00     69.00     90.00 
